routeGeometry: [[50.2612415,
                    10.9625684], [50.2611955,
                    10.962652], [50.2611796,
                    10.9626804], [50.2610179,
                    10.9629704], [50.2604789,
                    10.9639302], [50.2603852,
                    10.964099], [50.2603119,
                    10.9642252], [50.2612415,
                    10.9625684], [50.2612911,
                    10.962474], [50.2613032,
                    10.9624487], [50.2615042,
                    10.9620742], [50.2616422,
                    10.9618054], [50.2616422,
                    10.9618054], [50.2619167,
                    10.9613263], [50.2620424,
                    10.9610973], [50.2620424,
                    10.9610973], [50.2621571,
                    10.9608938], [50.2621571,
                    10.9608938], [50.2621983,
                    10.960806], [50.2621983,
                    10.960806], [50.2622103,
                    10.9607623], [50.2622153,
                    10.9607352], [50.2622153,
                    10.9607352], [50.2622282,
                    10.9606024], [50.2622193,
                    10.9604319], [50.2621954,
                    10.9601532], [50.2621911,
                    10.9601029], [50.2621782,
                    10.9599792], [50.2621782,
                    10.9599792], [50.2621643,
                    10.9598411], [50.262159,
                    10.9597909], [50.2621133,
                    10.9593614], [50.2621133,
                    10.9593614], [50.2620366,
                    10.9586627], [50.2620199,
                    10.9585908], [50.2619707,
                    10.9584711], [50.2619482,
                    10.9583972], [50.2619707,
                    10.9584711], [50.2619482,
                    10.9583972], [50.2619361,
                    10.9583561], [50.2619329,
                    10.9583454], [50.2609345,
                    10.9586829], [50.2609457,
                    10.9585207], [50.2609468,
                    10.9585049], [50.2609621,
                    10.9584374], [50.2609959,
                    10.958402], [50.2611133,
                    10.9583796], [50.2612398,
                    10.9583576], [50.261247,
                    10.9583546], [50.2612909,
                    10.9583023], [50.2613937,
                    10.9582843], [50.2615132,
                    10.9582627], [50.2615428,
                    10.9582155], [50.2616657,
                    10.9581896], [50.2617916,
                    10.9581642], [50.2618081,
                    10.9581605], [50.2618384,
                    10.9581619], [50.2618649,
                    10.9581785], [50.2619034,
                    10.9582524], [50.2619329,
                    10.9583454], [50.2619329,
                    10.9583454], [50.2617106,
                    10.9584003], [50.2615847,
                    10.9584328], [50.2615816,
                    10.9584339], [50.2615426,
                    10.9584771], [50.2614364,
                    10.9584998], [50.2613128,
                    10.9585282], [50.261276,
                    10.9585667], [50.2611543,
                    10.9585939], [50.2610282,
                    10.9586228], [50.2609967,
                    10.9586296], [50.2609629,
                    10.9586443], [50.2609436,
                    10.9586596], [50.2609345,
                    10.9586829], [50.2625451,
                    10.9583005], [50.2621473,
                    10.9584165], [50.2620797,
                    10.9584362], [50.2619707,
                    10.9584711], [50.2625451,
                    10.9583005], [50.2625965,
                    10.9583138], [50.2628872,
                    10.9583092], [50.2630251,
                    10.9582783], [50.2630251,
                    10.9582783], [50.2632154,
                    10.958182], [50.2633216,
                    10.9581088], [50.263397,
                    10.9580076], [50.2635103,
                    10.9579443], [50.263397,
                    10.9580076], [50.2638775,
                    10.9578092], [50.2637873,
                    10.9578398], [50.2637615,
                    10.957847], [50.2635103,
                    10.9579443], [50.2641484,
                    10.9577145], [50.2639777,
                    10.9577742], [50.2639453,
                    10.9577855], [50.2638775,
                    10.9578092], [50.2654952,
                    10.9572327], [50.2648041,
                    10.9574799], [50.264389,
                    10.9576284], [50.2641484,
                    10.9577145], [50.2655919,
                    10.9572015], [50.2654952,
                    10.9572327], [50.2660517,
                    10.9570837], [50.266014,
                    10.9570889], [50.2659348,
                    10.9571035], [50.2655919,
                    10.9572015], [50.2661666,
                    10.9570996], [50.2661091,
                    10.9570889], [50.2660517,
                    10.9570837], [50.2661817,
                    10.9570061], [50.2661666,
                    10.9570996], [50.2661992,
                    10.9568975], [50.2661839,
                    10.9569925], [50.2661817,
                    10.9570061], [50.266355,
                    10.9563884], [50.2661992,
                    10.9568975], [50.2663964,
                    10.9562537], [50.2663849,
                    10.9562844], [50.266355,
                    10.9563884], [50.2663964,
                    10.9562537], [50.2664326,
                    10.9561965], [50.2664592,
                    10.9561802], [50.2669307,
                    10.9561558], [50.2671074,
                    10.9561235], [50.2671876,
                    10.9560949], [50.267368,
                    10.9559657], [50.2674866,
                    10.9558557], [50.2675699,
                    10.9557597], [50.2677072,
                    10.955575], [50.2678147,
                    10.9553971], [50.2678147,
                    10.9553971], [50.26804,
                    10.9550143], [50.2683224,
                    10.9544767], [50.2680915,
                    10.9549163], [50.26804,
                    10.9550143], [50.2684146,
                    10.9542926], [50.2683224,
                    10.9544767], [50.2686093,
                    10.9539454], [50.2685402,
                    10.9540718], [50.2685033,
                    10.9541367], [50.2684146,
                    10.9542926], [50.2688196,
                    10.9544187], [50.268701,
                    10.9541617], [50.2686785,
                    10.954113], [50.2686093,
                    10.9539454], [50.2688697,
                    10.954538], [50.2688196,
                    10.9544187], [50.2690192,
                    10.9548784], [50.2688697,
                    10.954538], [50.2690192,
                    10.9548784], [50.2690447,
                    10.9550431], [50.2690447,
                    10.9550431], [50.2690382,
                    10.9551923], [50.2689902,
                    10.9553195], [50.2689486,
                    10.9553845], [50.2688507,
                    10.9554783], [50.2687573,
                    10.955529], [50.2687573,
                    10.955529], [50.2685574,
                    10.9555907], [50.2680902,
                    10.9557419], [50.267923,
                    10.9558178], [50.267923,
                    10.9558178], [50.2677261,
                    10.9558374], [50.267613,
                    10.9558357], [50.267241,
                    10.9558068], [50.267241,
                    10.9558068], [50.267025,
                    10.9557918], [50.267025,
                    10.9557918], [50.2666796,
                    10.9557778], [50.2666796,
                    10.9557778], [50.266241,
                    10.9557461], [50.2658975,
                    10.9557143], [50.2656823,
                    10.955707], [50.2654498,
                    10.9557115], [50.2650937,
                    10.9557375], [50.2648171,
                    10.9557927], [50.2648171,
                    10.9557927], [50.2647418,
                    10.9558077], [50.2644332,
                    10.955897], [50.2641132,
                    10.9560223], [50.2641132,
                    10.9560223], [50.2639933,
                    10.956], [50.2639423,
                    10.9559694], [50.2639183,
                    10.9559392], [50.2638506,
                    10.9557921], [50.2629251,
                    10.9504064], [50.2629786,
                    10.9506142], [50.2630991,
                    10.9509587], [50.263129,
                    10.9510509], [50.2631513,
                    10.9511195], [50.263186,
                    10.9512197], [50.2632754,
                    10.9514778], [50.2634143,
                    10.9518134], [50.2634664,
                    10.9519893], [50.2635126,
                    10.9521931], [50.2635897,
                    10.952659], [50.2636264,
                    10.9529317], [50.2636944,
                    10.9535808], [50.2637092,
                    10.9537655], [50.2637198,
                    10.9539619], [50.2637131,
                    10.9543293], [50.2636855,
                    10.9546699], [50.2636836,
                    10.9548242], [50.2636979,
                    10.955021], [50.2637242,
                    10.9551659], [50.263736,
                    10.9552312], [50.2637496,
                    10.9553069], [50.2638506,
                    10.9557921], [50.2628227,
                    10.9497083], [50.2628219,
                    10.9498313], [50.2628357,
                    10.949948], [50.2629251,
                    10.9504064], [50.2628227,
                    10.9497083], [50.2626987,
                    10.9496776], [50.2626307,
                    10.9496843], [50.2625757,
                    10.9497055], [50.2623713,
                    10.9498725], [50.2622703,
                    10.9500056], [50.2622343,
                    10.9500557], [50.262133,
                    10.950282], [50.2620725,
                    10.9504349], [50.2619056,
                    10.9510177], [50.2618129,
                    10.9513389], [50.2616826,
                    10.9517789], [50.2615931,
                    10.9520139], [50.2615427,
                    10.9521292], [50.261436,
                    10.9522919], [50.2613392,
                    10.9524014], [50.2612442,
                    10.9524763], [50.2611485,
                    10.9525317], [50.2611485,
                    10.9525317], [50.2610351,
                    10.9520686], [50.2609716,
                    10.9518093], [50.2609591,
                    10.9517581], [50.2607916,
                    10.9511], [50.2607375,
                    10.9509566], [50.2607033,
                    10.9508827], [50.2605844,
                    10.9507142], [50.2604414,
                    10.9506083], [50.2602303,
                    10.9505287], [50.2599808,
                    10.9504387], [50.2597968,
                    10.9504152], [50.2597282,
                    10.9504227], [50.2596368,
                    10.9504465], [50.2594661,
                    10.9505383], [50.2592711,
                    10.9506795], [50.2592251,
                    10.9507127], [50.2590786,
                    10.9508599], [50.2590786,
                    10.9508599], [50.2590597,
                    10.9507502], [50.2590509,
                    10.9506993], [50.2590332,
                    10.9505368], [50.2589983,
                    10.9498815], [50.2589911,
                    10.9491351], [50.2589943,
                    10.9488847], [50.2590311,
                    10.9476494], [50.2590311,
                    10.9476494], [50.2590527,
                    10.9470776], [50.259068,
                    10.9466605], [50.2590761,
                    10.9464717], [50.2590945,
                    10.9458102], [50.2590979,
                    10.9456737], [50.2591294,
                    10.9447844], [50.2591294,
                    10.9447844], [50.2591684,
                    10.9437576], [50.259184,
                    10.9432578], [50.2591862,
                    10.9430452], [50.2591653,
                    10.9425773], [50.2591244,
                    10.9422934], [50.2590928,
                    10.9421438], [50.2590084,
                    10.9417844], [50.2590084,
                    10.9417844], [50.2588525,
                    10.941052], [50.2588525,
                    10.941052], [50.2588286,
                    10.9409422], [50.2588286,
                    10.9409422], [50.2587613,
                    10.9406315], [50.2587613,
                    10.9406315], [50.2586973,
                    10.9403367], [50.2586973,
                    10.9403367], [50.2586309,
                    10.9399445], [50.2586309,
                    10.9399445], [50.2585541,
                    10.9394771], [50.2585098,
                    10.9390912], [50.2584816,
                    10.9387892], [50.2584816,
                    10.9387892], [50.2584483,
                    10.9381717], [50.2584298,
                    10.9378345], [50.258373,
                    10.9368482], [50.2582877,
                    10.9350222], [50.2582877,
                    10.9350222], [50.2582567,
                    10.9345004], [50.2582459,
                    10.9343892], [50.2582459,
                    10.9343892], [50.2582296,
                    10.9342278], [50.2582296,
                    10.9342278], [50.2582023,
                    10.9340895], [50.2580999,
                    10.9336439], [50.2580571,
                    10.9334537], [50.2580067,
                    10.9332285], [50.2579197,
                    10.9328216], [50.2578718,
                    10.9325491], [50.2578571,
                    10.932411], [50.257852,
                    10.93224], [50.2578522,
                    10.9321711], [50.2578522,
                    10.9321711], [50.2578561,
                    10.9318542], [50.2578512,
                    10.9314899], [50.2578317,
                    10.9312634], [50.257814,
                    10.9311551], [50.257814,
                    10.9311551], [50.2577816,
                    10.9310096], [50.2576884,
                    10.9305961], [50.257681,
                    10.9305565], [50.257575,
                    10.9299926], [50.2575145,
                    10.9296203], [50.2574965,
                    10.9295097], [50.2574965,
                    10.9295097], [50.2574448,
                    10.9295077], [50.2574042,
                    10.9295026], [50.2574042,
                    10.9295026], [50.2571595,
                    10.9294515], [50.2568383,
                    10.9293609], [50.256746,
                    10.9293263], [50.2566659,
                    10.9292917], [50.2565678,
                    10.9292338], [50.2564795,
                    10.9291645], [50.256408,
                    10.9290899], [50.2563246,
                    10.9289766], [50.2562094,
                    10.9287591], [50.2560913,
                    10.9284873], [50.2557983,
                    10.9278148], [50.2557983,
                    10.9278148], [50.2556835,
                    10.9275371], [50.2555954,
                    10.9273411], [50.2555312,
                    10.9271983], [50.2555312,
                    10.9271983], [50.2555005,
                    10.9271353], [50.2554707,
                    10.9270818], [50.2554707,
                    10.9270818], [50.2554001,
                    10.9269777], [50.255332,
                    10.9268979], [50.2552055,
                    10.9267673], [50.2547924,
                    10.9263746], [50.2547259,
                    10.9263121], [50.2545858,
                    10.9261774], [50.2544515,
                    10.9260471], [50.2541638,
                    10.9257722], [50.2539922,
                    10.9256269], [50.2539017,
                    10.9255584], [50.2538376,
                    10.9255172], [50.253751,
                    10.9254806], [50.2536337,
                    10.9254471], [50.2536337,
                    10.9254471], [50.2535882,
                    10.925438], [50.2534272,
                    10.9254131], [50.2532435,
                    10.9253936], [50.2529422,
                    10.9253729], [50.252904,
                    10.9253738], [50.252904,
                    10.9253738], [50.2528337,
                    10.9253755], [50.2526831,
                    10.9253933], [50.2524964,
                    10.9254642], [50.252382,
                    10.9255256], [50.2522796,
                    10.9255872], [50.252163,
                    10.9256436], [50.2520774,
                    10.925671], [50.2520036,
                    10.9256742], [50.2519008,
                    10.9256526], [50.2518601,
                    10.9256322], [50.2517588,
                    10.9255641], [50.2517171,
                    10.9255343], [50.2515004,
                    10.9253793], [50.2514073,
                    10.9253347], [50.2512876,
                    10.9252975], [50.2511561,
                    10.9252941], [50.25108,
                    10.9253071], [50.2509034,
                    10.9253671], [50.2614499,
                    10.9538476], [50.2613441,
                    10.9533746], [50.2613392,
                    10.9533519], [50.2613182,
                    10.9532541], [50.2612038,
                    10.9527701], [50.2611485,
                    10.9525317], [50.2614499,
                    10.9538476], [50.2614897,
                    10.9538164], [50.2616552,
                    10.9536537], [50.2618223,
                    10.9534703], [50.2619099,
                    10.9533618], [50.2620281,
                    10.9531911], [50.2621333,
                    10.9530114], [50.2622402,
                    10.9528087], [50.2623011,
                    10.9526696], [50.2623559,
                    10.9525177], [50.2623888,
                    10.9524136], [50.2624413,
                    10.9521966], [50.2624732,
                    10.9520168], [50.2624993,
                    10.9518452], [50.2625339,
                    10.9516176], [50.2626009,
                    10.9512625], [50.2626919,
                    10.9509047], [50.2627747,
                    10.9506552], [50.2628243,
                    10.9505556], [50.2628689,
                    10.9504826], [50.2628689,
                    10.9504826], [50.2629251,
                    10.9504064], [50.2638506,
                    10.9557921], [50.2638541,
                    10.9558922], [50.2638429,
                    10.955997], [50.2638094,
                    10.956104], [50.2637583,
                    10.9562106], [50.2637583,
                    10.9562106], [50.2633348,
                    10.956414], [50.2630953,
                    10.9565404], [50.2630953,
                    10.9565404], [50.2629684,
                    10.9566061], [50.2629684,
                    10.9566061], [50.2623957,
                    10.9568892], [50.2615597,
                    10.9572679], [50.2612833,
                    10.9573552], [50.2608991,
                    10.9573775], [50.2608991,
                    10.9573775], [50.2606489,
                    10.9572965], [50.2605944,
                    10.9572809], [50.2605944,
                    10.9572809], [50.2605476,
                    10.9572643], [50.2604289,
                    10.9572024], [50.2603134,
                    10.9571189], [50.260129,
                    10.9569407], [50.2600785,
                    10.9568923], [50.2600421,
                    10.9568667], [50.2599796,
                    10.9568404], [50.2599617,
                    10.9573188], [50.259965,
                    10.9572195], [50.2599796,
                    10.9568404], [50.2599253,
                    10.9582035], [50.2599617,
                    10.9573188], [50.2599223,
                    10.9584782], [50.2599253,
                    10.9582035], [50.260281,
                    10.9587328], [50.2599884,
                    10.9585118], [50.2599223,
                    10.9584782], [50.2604081,
                    10.9591214], [50.2603698,
                    10.9589379], [50.2603537,
                    10.9588786], [50.2603341,
                    10.958826], [50.260281,
                    10.9587328], [50.2604081,
                    10.9591214], [50.2605197,
                    10.9590533], [50.2605598,
                    10.9590293], [50.2607469,
                    10.9589253], [50.2609248,
                    10.9588593], [50.260767,
                    10.9589158], [50.2607469,
                    10.9589253], [50.2609345,
                    10.9586829], [50.2609285,
                    10.9587739], [50.2609248,
                    10.9588593]]